Template: NONE
CeilingDrips: 0
RainIntensity: 0
RumbleIntensity: 0
WaveSpeed: 0
WaveLength: 0
SecondWaveLength: 0
Grime: 0
RandomItemDensity: 0
RandomItemSpearChance: 0
WaterReflectionAlpha: 0
PlacedObjects: CustomDecal><1223.678><554.6596><-33~119~61~184~122~125~-695~-126~0~1~0.5~scavmark arrow~0.3913043~0.423913~0.1195652~0.3695652~0.5~0.4130435~0.01086957~0.7173913, 
